0 SF
1 LA
2 DALLAS
3 CONCORD
4 PHOENIX
5 CHICAGO
6 ST LOUIS
7 BOSTON
8 NY
9 LONDON
10 PARIS
11 TOKYO
12 BANGKOK
13 MEXICO CITY
14 MONTREAL
-1
0 1 40
0 2 100
0 4 130
0 8 200
0 9 800
0 10 900
1 2 50
1 3 80
1 4 70
1 8 400
1 10 1200
1 12 900
2 6 120
2 7 110
2 13 700
2 14 600
3 5 30
3 6 50
3 8 450
4 5 50
4 8 300
4 13 350
5 7 40
5 8 100
5 9 475
5 11 650
6 7 60
6 8 195
6 14 80
7 8 65
7 9 425
7 10 700
7 14 325
8 9 325
8 10 600
8 11 700
8 12 550
9 10 60
9 12 400
10 13 200
11 12 125
11 13 400
12 13 350
13 14 700
-1
